set I := 1	2	3	4	5	6	7	8	9	10	11	12	13	14	15	16	17	18	19	20	21	22	23	24	25	26	27	28	29	30	31	32	33	34	35	36	37	38	39	40	41	42	43	44	45	46	47	48	49	50	51	52	53	54	55	56	57	58	59	60	61	62	63	64	65	66	67	68	69	70	71	72	73	74	75	76	77	78	79	80	81	82	83	84	85	86	87	88	89	90	91	92	93	94	95	96	97	98	99	100	101	102	103	104	105	106;


param: f:=
1	23000
2	21000
3	17000
4	21000
5	23000
6	21000
7	19000
8	22000
9	20000
10	20000
11	23000
12	18000
13	17000
14	19000
15	19000
16	19000
17	19000
18	19000
19	19000
20	19000
21	19000
22	17000
23	18000
24	17000
25	17000
26	17000
27	18000
28	17000
29	17000
30	19000
31	17000
32	24000
33	24000
34	18000
35	17000
36	20000
37	20000
38	22000
39	18000
40	22000
41	20000
42	22000
43	22000
44	21000
45	18000
46	17000
47	17000
48	17000
49	19000
50	18000
51	22000
52	17000
53	17000
54	17000
55	22000
56	24000
57	24000
58	25000
59	25000
60	25000
61	25000
62	26000
63	25000
64	25000
65	25000
66	26000
67	25000
68	25000
69	25000
70	25000
71	25000
72	25000
73	25000
74	27000
75	25000
76	27000
77	25000
78	31000
79	32000
80	32000
81	32000
82	32000
83	31000
84	32000
85	32000
86	32000
87	27000
88	32000
89	27000
90	32000
91	27000
92	31000
93	27000
94	17000
95	17000
96	17000
97	17000
98	17000
99	18000
100	18000
101	17000
102	17000
103	17000
104	17000
105	17000
106	25000;


param: t:=
1	50
2	26
3	10
4	50
5	50
6	90
7	71
8	90
9	41
10	51
11	300
12	59
13	50
14	37
15	40
16	34
17	50
18	77
19	20
20	55
21	10
22	35
23	30
24	30
25	10
26	34
27	20
28	25
29	32
30	75
31	600
32	57
33	12
34	40
35	40
36	32
37	10
38	80
39	12
40	40
41	95
42	30
43	15
44	90
45	10
46	100
47	100
48	16
49	20
50	45
51	10
52	20
53	30
54	14
55	11
56	10
57	90
58	88
59	35
60	85
61	50
62	33
63	24
64	60
65	40
66	85
67	31
68	41
69	10
70	200
71	61
72	51
73	61
74	90
75	90
76	21
77	85
78	51
79	90
80	50
81	25
82	600
83	61
84	60
85	50
86	98
87	50
88	10
89	25
90	50
91	25
92	44
93	89
94	50
95	42
96	10
97	50
98	50
99	50
100	50
101	50
102	42
103	10
104	10
105	50
106	85;


param d:
	1	2	3	4	5	6	7	8	9	10	11	12	13	14	15	16	17	18	19	20	21	22	23	24	25	26	27	28	29	30	31	32	33	34	35	36	37	38	39	40	41	42	43	44	45	46	47	48	49	50	51	52	53	54	55	56	57	58	59	60	61	62	63	64	65	66	67	68	69	70	71	72	73	74	75	76	77	78	79	80	81	82	83	84	85	86	87	88	89	90	91	92	93	94	95	96	97	98	99	100	101	102	103	104	105	106:=
1	0.10	4.34	9.45	4.86	3.08	5.02	6.71	11.14	9.55	9.34	0.95	8.47	7.99	6.61	6.64	6.20	6.84	6.05	6.79	6.44	5.79	7.27	8.88	8.41	9.51	7.67	9.79	8.53	9.36	5.94	7.46	11.55	14.42	10.32	9.83	8.36	9.07	10.16	9.32	10.52	9.71	9.40	9.74	4.36	8.34	7.44	7.44	7.77	6.20	9.92	9.11	9.94	10.03	8.59	10.18	13.28	10.45	8.08	6.07	6.72	5.38	9.37	6.81	6.12	5.22	7.78	7.32	7.53	6.94	6.42	4.15	7.77	4.15	15.35	2.43	11.21	5.56	12.44	8.46	5.60	8.97	6.80	14.82	5.50	7.11	6.53	8.21	9.62	6.75	7.12	7.31	6.60	7.26	9.25	8.13	8.14	9.25	8.76	8.45	8.45	9.25	8.13	8.14	8.14	9.25	7.63
2	4.34	0.10	5.38	1.38	1.28	0.84	3.17	9.54	7.09	7.38	5.25	5.52	4.03	2.43	2.39	1.91	3.01	2.08	3.11	3.24	2.03	3.14	5.68	4.77	5.57	3.84	6.47	4.69	5.70	2.90	3.31	10.28	12.75	7.02	6.01	6.23	7.21	8.83	6.44	8.58	7.49	7.77	8.27	2.27	5.90	3.67	3.67	4.11	2.54	6.45	7.62	5.80	6.11	5.03	8.49	11.47	10.04	7.34	4.77	5.09	4.21	9.52	6.31	5.48	3.36	7.87	5.33	6.45	5.61	5.31	3.19	5.87	3.19	17.35	3.90	12.08	4.72	15.76	12.79	9.75	13.06	10.63	18.07	9.16	10.88	10.13	11.64	13.64	9.50	10.91	9.64	9.10	10.67	5.55	4.20	4.85	5.55	4.63	6.07	6.07	5.55	4.20	4.85	4.85	5.55	7.07
3	9.45	5.38	0.10	4.60	6.61	4.57	2.93	7.61	4.73	5.71	10.27	3.26	1.48	2.95	3.02	3.54	2.63	3.41	2.76	3.42	3.67	2.25	2.73	1.70	0.59	1.88	2.67	1.19	1.55	3.87	2.08	8.62	10.07	3.02	1.16	4.93	5.78	7.52	3.64	6.45	5.34	6.41	6.96	5.37	4.32	2.13	2.13	2.02	3.30	2.32	6.54	0.56	0.93	1.85	6.76	8.80	9.58	7.41	5.80	5.42	5.90	9.89	7.21	6.74	5.19	8.73	4.94	6.55	5.93	6.14	6.15	5.19	6.15	18.76	8.03	12.75	6.33	18.90	17.63	14.28	17.39	14.73	20.98	13.19	14.89	14.01	15.19	17.82	12.62	14.92	12.34	12.06	14.28	1.40	1.36	2.55	1.40	0.77	4.47	4.47	1.40	1.36	2.55	2.55	1.40	7.51
4	4.86	1.38	4.60	0.10	2.21	0.88	1.96	8.16	5.73	6.00	5.67	4.19	3.13	1.87	1.97	1.73	1.99	1.22	1.98	1.91	0.93	2.45	4.41	3.66	4.66	2.83	5.25	3.70	4.61	1.52	2.65	8.91	11.37	5.81	5.01	4.85	5.84	7.47	5.12	7.20	6.11	6.40	6.90	1.25	4.53	2.61	2.61	2.99	1.37	5.28	6.25	5.09	5.19	3.88	7.12	10.09	8.76	6.06	3.51	3.76	3.03	8.33	5.11	4.31	2.11	6.72	3.96	5.15	4.30	4.05	2.28	4.50	2.28	16.46	3.67	10.99	3.57	15.32	13.10	9.86	13.09	10.53	17.57	9.01	10.74	9.92	11.31	13.60	8.98	10.77	8.99	8.52	10.35	4.48	3.28	3.59	4.48	3.91	4.70	4.70	4.48	3.28	3.59	3.59	4.48	5.84
5	3.08	1.28	6.61	2.21	0.10	2.04	4.16	10.01	7.80	7.93	4.01	6.36	5.20	3.67	3.65	3.18	4.12	3.22	4.16	4.10	3.07	4.37	6.61	5.85	6.76	4.96	7.45	5.83	6.79	3.66	4.54	10.66	13.29	8.01	7.16	6.80	7.72	9.21	7.28	9.15	8.12	8.22	8.68	2.48	6.57	4.77	4.77	5.18	3.56	7.49	8.01	7.04	7.29	6.08	8.98	12.04	10.15	7.49	4.98	5.43	4.32	9.45	6.33	5.51	3.65	7.77	5.82	6.68	5.87	5.48	3.07	6.35	3.07	16.84	3.08	11.85	4.76	14.85	11.54	8.57	11.91	9.55	17.19	8.11	9.82	9.11	10.68	12.52	8.69	9.84	8.96	8.36	9.70	6.65	5.37	5.80	6.65	5.87	6.73	6.73	6.65	5.37	5.80	5.80	6.65	7.15
6	5.02	0.84	4.57	0.88	2.04	0.10	2.37	8.93	6.38	6.75	5.90	4.76	3.19	1.62	1.62	1.19	2.18	1.24	2.29	2.51	1.24	2.32	4.88	3.94	4.74	3.00	5.65	3.85	4.87	2.24	2.50	9.71	12.10	6.21	5.17	5.59	6.60	8.28	5.68	7.93	6.81	7.18	7.70	2.08	5.22	2.84	2.84	3.28	1.74	5.62	7.06	5.00	5.28	4.20	7.88	10.81	9.62	6.93	4.38	4.60	3.91	9.21	5.99	5.19	2.98	7.60	4.76	6.01	5.15	4.92	3.10	5.29	3.10	17.30	4.23	11.86	4.44	16.02	13.42	10.29	13.57	11.07	18.29	9.56	11.30	10.51	11.95	14.11	9.70	11.32	9.76	9.26	10.99	4.71	3.36	4.05	4.71	3.83	5.40	5.40	4.71	3.36	4.05	4.05	4.71	6.71
7	6.71	3.17	2.93	1.96	4.16	2.37	0.10	6.84	4.12	4.65	7.46	2.42	1.49	1.52	1.76	2.06	0.59	1.22	0.26	0.58	1.13	1.44	2.51	1.71	2.85	1.05	3.31	1.86	2.67	0.95	1.59	7.71	9.89	3.87	3.12	3.53	4.56	6.34	3.33	5.77	4.60	5.19	5.74	2.46	3.05	0.80	0.80	1.06	0.63	3.33	5.15	3.48	3.35	1.92	5.81	8.59	8.00	5.44	3.25	3.11	3.15	7.91	4.85	4.21	2.32	6.48	2.94	4.50	3.69	3.70	3.23	3.41	3.23	16.53	5.11	10.73	3.64	16.14	14.73	11.36	14.46	11.81	18.29	10.27	11.98	11.10	12.33	14.90	9.81	12.01	9.62	9.28	11.41	2.54	1.57	1.69	2.54	2.40	3.23	3.23	2.54	1.57	1.69	1.69	2.54	5.37
8	11.14	9.54	7.61	8.16	10.01	8.93	6.84	0.10	2.91	2.19	11.42	4.62	7.31	8.33	8.57	8.89	7.34	8.02	7.04	6.48	7.77	8.02	4.96	6.24	7.04	7.00	4.99	6.80	6.06	6.69	8.07	1.03	3.30	4.81	6.57	3.34	2.33	1.09	3.99	1.16	2.32	1.80	1.40	7.53	3.79	6.94	6.94	6.53	7.36	5.39	2.04	8.00	6.99	5.96	1.05	2.15	2.88	3.26	5.14	4.60	5.85	4.12	4.46	5.03	6.36	4.40	4.21	3.61	4.24	4.74	7.17	3.68	7.17	12.39	8.72	6.39	5.59	14.61	16.78	13.26	15.36	12.73	16.16	11.45	12.70	11.78	12.14	15.44	9.56	12.73	8.73	8.94	11.55	6.22	7.19	5.51	6.22	7.84	3.60	3.60	6.22	7.19	5.51	5.51	6.22	3.76
9	9.55	7.09	4.73	5.73	7.80	6.38	4.12	2.91	0.10	1.10	10.03	1.75	4.42	5.56	5.78	6.16	4.56	5.33	4.29	3.87	5.16	5.17	2.04	3.33	4.17	4.13	2.20	3.89	3.19	4.20	5.20	3.90	5.78	2.21	3.75	1.25	1.30	2.83	1.09	1.76	0.61	1.81	2.30	5.41	1.23	4.09	4.09	3.66	4.70	2.62	2.06	5.15	4.19	3.05	2.04	4.48	5.00	3.44	3.61	2.93	4.24	5.63	3.98	4.06	4.35	4.95	2.25	2.97	2.96	3.48	5.39	1.90	5.39	14.49	7.29	8.39	4.24	15.67	16.37	12.82	15.41	12.69	17.51	11.24	12.74	11.80	12.55	15.64	9.86	12.77	9.27	9.24	11.79	3.33	4.29	2.64	3.33	4.93	1.10	1.10	3.33	4.29	2.64	2.64	3.33	3.78
10	9.34	7.38	5.71	6.00	7.93	6.75	4.65	2.19	1.10	0.10	9.73	2.53	5.22	6.15	6.39	6.71	5.16	5.82	4.86	4.29	5.58	5.87	2.98	4.20	5.17	4.87	3.28	4.78	4.20	4.51	5.93	3.07	5.38	3.31	4.79	1.16	0.30	1.82	2.12	1.22	0.63	0.72	1.24	5.46	1.61	4.79	4.79	4.40	5.17	3.70	0.97	6.16	5.24	3.94	1.16	4.11	3.92	2.44	3.27	2.63	3.96	4.53	3.19	3.47	4.32	3.94	2.11	2.17	2.45	2.99	5.23	1.60	5.23	13.39	6.98	7.29	3.83	14.67	15.73	12.18	14.63	11.92	16.46	10.51	11.95	11.01	11.67	14.82	8.99	11.98	8.34	8.36	10.94	4.32	5.11	3.41	4.32	5.83	1.42	1.42	4.32	5.11	3.41	3.41	4.32	2.84
11	0.95	5.25	10.27	5.67	4.01	5.90	7.46	11.42	10.03	9.73	0.10	9.08	8.79	7.47	7.51	7.09	7.64	6.89	7.56	7.15	6.60	8.11	9.52	9.15	10.29	8.45	10.44	9.31	10.08	6.64	8.30	11.75	14.67	10.96	10.58	8.82	9.46	10.40	9.90	10.88	10.14	9.73	10.02	5.04	8.85	8.21	8.21	8.51	6.98	10.60	9.41	10.76	10.81	9.30	10.50	13.57	10.50	8.27	6.47	7.14	5.81	9.32	7.00	6.39	5.79	7.79	7.79	7.81	7.29	6.76	4.68	8.20	4.68	14.78	2.75	10.95	5.91	11.61	7.53	4.66	8.02	5.90	14.00	4.67	6.22	5.70	7.39	8.69	6.13	6.24	6.78	6.05	6.46	9.98	8.93	8.81	9.98	9.59	8.95	8.95	9.98	8.93	8.81	8.81	9.98	7.79
12	8.47	5.52	3.26	4.19	6.36	4.76	2.42	4.62	1.75	2.53	9.08	0.10	2.70	3.82	4.04	4.43	2.83	3.64	2.57	2.28	3.52	3.42	0.64	1.67	2.77	2.38	1.48	2.25	1.86	2.70	3.46	5.58	7.52	1.92	2.53	1.67	2.56	4.34	0.92	3.49	2.31	3.20	3.76	4.15	1.06	2.34	2.34	1.91	3.03	1.78	3.30	3.76	2.97	1.43	3.66	6.22	6.34	4.20	3.14	2.55	3.55	6.65	4.20	3.93	3.29	5.58	1.90	3.40	2.93	3.29	4.41	2.00	4.41	15.54	6.43	9.50	3.78	16.08	15.88	12.38	15.21	12.49	18.06	10.98	12.60	11.67	12.64	15.54	9.97	12.63	9.54	9.37	11.79	1.94	2.58	0.89	1.94	3.30	1.21	1.21	1.94	2.58	0.89	0.89	1.94	4.35
13	7.99	4.03	1.48	3.13	5.20	3.19	1.49	7.31	4.42	5.22	8.79	2.70	0.10	1.66	1.79	2.31	1.16	1.98	1.30	2.02	2.21	0.98	2.42	1.12	1.55	0.48	2.85	0.73	1.82	2.44	0.91	8.27	10.11	3.37	2.00	4.24	5.21	7.02	3.40	6.17	4.99	5.86	6.42	3.90	3.66	0.71	0.71	0.85	1.83	2.68	5.91	2.00	2.09	1.43	6.36	8.81	8.91	6.51	4.59	4.31	4.59	9.02	6.11	5.55	3.80	7.70	3.97	5.60	4.87	4.99	4.71	4.33	4.71	17.78	6.56	11.87	5.05	17.60	16.15	12.82	15.94	13.29	19.73	11.76	13.47	12.59	13.82	16.39	11.29	13.50	11.06	10.74	12.90	1.64	0.18	1.81	1.64	0.92	3.83	3.83	1.64	0.18	1.81	1.81	1.64	6.53
14	6.61	2.43	2.95	1.87	3.67	1.62	1.52	8.33	5.56	6.15	7.47	3.82	1.66	0.10	0.24	0.67	0.99	0.69	1.29	2.00	1.12	0.71	3.75	2.60	3.17	1.61	4.38	2.37	3.45	2.09	0.88	9.22	11.34	4.92	3.65	5.04	6.07	7.85	4.67	7.25	6.07	6.71	7.26	2.97	4.55	1.53	1.53	2.01	1.17	4.27	6.67	3.37	3.71	2.90	7.32	10.03	9.50	6.90	4.57	4.54	4.31	9.35	6.21	5.50	3.38	7.86	4.45	5.96	5.13	5.06	3.96	4.92	3.96	17.84	5.53	12.13	4.84	17.07	14.94	11.73	14.95	12.38	19.28	10.86	12.59	11.76	13.12	15.46	10.72	12.62	10.64	10.23	12.16	3.27	1.83	2.97	3.27	2.21	4.73	4.73	3.27	1.83	2.97	2.97	3.27	6.80
15	6.64	2.39	3.02	1.97	3.65	1.62	1.76	8.57	5.78	6.39	7.51	4.04	1.79	0.24	0.10	0.53	1.23	0.87	1.53	2.24	1.30	0.81	3.96	2.78	3.28	1.79	4.56	2.51	3.60	2.31	0.94	9.45	11.56	5.10	3.77	5.28	6.31	8.09	4.89	7.48	6.30	6.94	7.50	3.12	4.78	1.74	1.74	2.21	1.40	4.44	6.91	3.41	3.80	3.08	7.55	10.26	9.74	7.14	4.79	4.77	4.52	9.58	6.43	5.72	3.58	8.08	4.68	6.19	5.36	5.29	4.13	5.16	4.13	18.05	5.64	12.36	5.05	17.23	15.00	11.81	15.05	12.50	19.45	10.98	12.71	11.89	13.26	15.57	10.88	12.74	10.82	10.40	12.31	3.42	1.97	3.19	3.42	2.26	4.97	4.97	3.42	1.97	3.19	3.19	3.42	7.03
16	6.20	1.91	3.54	1.73	3.18	1.19	2.06	8.89	6.16	6.71	7.09	4.43	2.31	0.67	0.53	0.10	1.61	0.92	1.87	2.46	1.30	1.34	4.40	3.26	3.80	2.27	5.04	3.03	4.11	2.42	1.47	9.76	11.94	5.59	4.29	5.57	6.61	8.37	5.31	7.82	6.66	7.23	7.78	2.95	5.11	2.19	2.19	2.67	1.57	4.94	7.17	3.92	4.33	3.56	7.87	10.64	9.93	7.30	4.87	4.92	4.53	9.70	6.51	5.76	3.57	8.16	4.91	6.35	5.51	5.38	3.98	5.40	3.98	18.05	5.35	12.44	5.07	17.05	14.60	11.46	14.73	12.21	19.29	10.70	12.43	11.63	13.03	15.27	10.71	12.46	10.70	10.24	12.07	3.93	2.49	3.61	3.93	2.78	5.29	5.29	3.93	2.49	3.61	3.61	3.93	7.15
17	6.84	3.01	2.63	1.99	4.12	2.18	0.59	7.34	4.56	5.16	7.64	2.83	1.16	0.99	1.23	1.61	0.10	0.94	0.33	1.15	1.07	0.86	2.81	1.77	2.67	0.84	3.50	1.72	2.69	1.43	1.02	8.23	10.34	4.06	3.04	4.06	5.09	6.88	3.70	6.25	5.08	5.73	6.28	2.76	3.56	0.66	0.66	1.11	0.67	3.45	5.70	3.15	3.20	2.04	6.33	9.04	8.58	6.03	3.82	3.69	3.68	8.50	5.43	4.77	2.81	7.07	3.52	5.08	4.28	4.28	3.63	3.98	3.63	17.11	5.42	11.31	4.19	16.64	15.00	11.68	14.82	12.20	18.80	10.66	12.38	11.52	12.78	15.29	10.30	12.41	10.14	9.77	11.85	2.54	1.29	2.00	2.54	2.01	3.74	3.74	2.54	1.29	2.00	2.00	2.54	5.96
18	6.05	2.08	3.41	1.22	3.22	1.24	1.22	8.02	5.33	5.82	6.89	3.64	1.98	0.69	0.87	0.92	0.94	0.10	1.09	1.55	0.43	1.23	3.70	2.70	3.53	1.76	4.43	2.62	3.63	1.50	1.43	8.86	11.10	4.99	3.94	4.68	5.72	7.46	4.55	6.96	5.81	6.33	6.87	2.28	4.24	1.59	1.59	2.05	0.66	4.39	6.26	3.88	4.07	2.97	6.98	9.80	9.01	6.37	3.96	4.00	3.66	8.78	5.61	4.88	2.72	7.26	3.99	5.43	4.59	4.48	3.27	4.49	3.27	17.20	4.86	11.54	4.20	16.38	14.33	11.08	14.29	11.71	18.59	10.18	11.91	11.08	12.42	14.79	10.02	11.94	9.96	9.53	11.47	3.47	2.14	2.88	3.47	2.70	4.42	4.42	3.47	2.14	2.88	2.88	3.47	6.24
19	6.79	3.11	2.76	1.98	4.16	2.29	0.26	7.04	4.29	4.86	7.56	2.57	1.30	1.29	1.53	1.87	0.33	1.09	0.10	0.84	1.09	1.18	2.61	1.69	2.73	0.89	3.36	1.75	2.63	1.17	1.33	7.92	10.07	3.91	3.04	3.75	4.78	6.56	3.46	5.96	4.79	5.41	5.97	2.61	3.26	0.65	0.65	1.02	0.61	3.34	5.38	3.30	3.25	1.92	6.02	8.77	8.25	5.70	3.50	3.36	3.40	8.17	5.11	4.46	2.55	6.74	3.19	4.75	3.95	3.96	3.42	3.65	3.42	16.79	5.27	10.99	3.89	16.38	14.87	11.52	14.64	12.00	18.53	10.46	12.18	11.30	12.55	15.09	10.04	12.20	9.86	9.51	11.62	2.50	1.40	1.79	2.50	2.20	3.44	3.44	2.50	1.40	1.79	1.79	2.50	5.63
20	6.44	3.24	3.42	1.91	4.10	2.51	0.58	6.48	3.87	4.29	7.15	2.28	2.02	2.00	2.24	2.46	1.15	1.55	0.84	0.10	1.30	2.01	2.52	2.01	3.27	1.56	3.39	2.28	2.93	0.51	2.17	7.31	9.60	3.94	3.46	3.14	4.17	5.91	3.21	5.44	4.31	4.78	5.32	2.11	2.72	1.31	1.31	1.43	0.89	3.48	4.71	3.97	3.74	2.15	5.44	8.31	7.50	4.91	2.67	2.55	2.58	7.36	4.28	3.63	1.78	5.91	2.45	3.96	3.14	3.13	2.75	2.95	2.75	15.96	4.70	10.17	3.06	15.58	14.32	10.92	13.98	11.32	17.72	9.78	11.48	10.60	11.80	14.41	9.26	11.51	9.05	8.72	10.88	2.84	2.08	1.72	2.84	2.94	2.90	2.90	2.84	2.08	1.72	1.72	2.84	4.82
21	5.79	2.03	3.67	0.93	3.07	1.24	1.13	7.77	5.16	5.58	6.60	3.52	2.21	1.12	1.30	1.30	1.07	0.43	1.09	1.30	0.10	1.58	3.65	2.78	3.74	1.91	4.43	2.78	3.72	1.15	1.78	8.59	10.90	4.99	4.10	4.43	5.46	7.18	4.44	6.75	5.61	6.06	6.59	1.87	4.03	1.70	1.70	2.11	0.50	4.43	5.97	4.17	4.26	3.02	6.73	9.61	8.67	6.01	3.57	3.64	3.25	8.40	5.22	4.47	2.30	6.86	3.68	5.07	4.22	4.09	2.85	4.19	2.85	16.78	4.48	11.14	3.79	15.96	14.00	10.72	13.91	11.32	18.17	9.79	11.52	10.68	12.01	14.40	9.60	11.55	9.53	9.11	11.06	3.58	2.35	2.82	3.58	3.00	4.21	4.21	3.58	2.35	2.82	2.82	3.58	5.86
22	7.27	3.14	2.25	2.45	4.37	2.32	1.44	8.02	5.17	5.87	8.11	3.42	0.98	0.71	0.81	1.34	0.86	1.23	1.18	2.01	1.58	0.10	3.26	2.02	2.47	1.06	3.80	1.71	2.80	2.26	0.20	8.94	10.93	4.33	2.96	4.80	5.82	7.62	4.22	6.90	5.72	6.47	7.03	3.44	4.27	1.09	1.09	1.52	1.40	3.65	6.47	2.68	3.00	2.33	7.03	9.62	9.39	6.87	4.68	4.54	4.53	9.35	6.29	5.63	3.64	7.93	4.34	5.92	5.13	5.14	4.37	4.78	4.37	17.97	6.06	12.17	5.04	17.44	15.56	12.30	15.49	12.89	19.62	11.36	13.09	12.24	13.55	15.98	11.09	13.12	10.96	10.58	12.61	2.62	1.16	2.54	2.62	1.50	4.45	4.45	2.62	1.16	2.54	2.54	2.62	6.81
23	8.88	5.68	2.73	4.41	6.61	4.88	2.51	4.96	2.04	2.98	9.52	0.64	2.42	3.75	3.96	4.40	2.81	3.70	2.61	2.52	3.65	3.26	0.10	1.31	2.21	2.20	0.92	1.85	1.26	3.00	3.26	5.95	7.69	1.44	1.91	2.25	3.05	4.79	0.99	3.80	2.65	3.68	4.22	4.53	1.66	2.22	2.22	1.75	3.14	1.17	3.82	3.20	2.35	1.01	4.06	6.39	6.86	4.81	3.75	3.18	4.12	7.24	4.84	4.56	3.78	6.21	2.54	4.03	3.57	3.92	4.90	2.63	4.90	16.14	6.92	10.08	4.38	16.72	16.43	12.94	15.81	13.09	18.70	11.58	13.20	12.28	13.26	16.14	10.60	13.23	10.17	10.00	12.41	1.36	2.27	0.83	1.36	2.88	1.78	1.78	1.36	2.27	0.83	0.83	1.36	4.98
24	8.41	4.77	1.70	3.66	5.85	3.94	1.71	6.24	3.33	4.20	9.15	1.67	1.12	2.60	2.78	3.26	1.77	2.70	1.69	2.01	2.78	2.02	1.31	0.10	1.36	0.99	1.78	0.58	0.95	2.52	1.99	7.22	8.99	2.32	1.45	3.30	4.22	6.01	2.30	5.09	3.92	4.87	5.43	4.11	2.70	1.11	1.11	0.67	2.29	1.69	4.96	2.25	1.77	0.31	5.31	7.69	7.99	5.73	4.13	3.72	4.30	8.22	5.51	5.06	3.69	7.02	3.24	4.86	4.23	4.45	4.74	3.51	4.74	17.07	6.71	11.08	4.69	17.24	16.33	12.91	15.93	13.24	19.31	11.71	13.38	12.48	13.60	16.32	11.00	13.41	10.68	10.43	12.71	0.83	0.97	0.86	0.83	1.64	2.86	2.86	0.83	0.97	0.86	0.86	0.83	5.81
25	9.51	5.57	0.59	4.66	6.76	4.74	2.85	7.04	4.17	5.17	10.29	2.77	1.55	3.17	3.28	3.80	2.67	3.53	2.73	3.27	3.74	2.47	2.21	1.36	0.10	1.85	2.08	1.00	0.98	3.76	2.33	8.05	9.48	2.43	0.59	4.44	5.25	6.97	3.08	5.88	4.78	5.88	6.42	5.32	3.83	2.08	2.08	1.84	3.32	1.73	6.02	0.99	0.54	1.42	6.21	8.21	9.06	6.96	5.49	5.05	5.66	9.42	6.83	6.41	5.01	8.31	4.53	6.12	5.54	5.79	6.02	4.74	6.02	18.31	7.96	12.27	6.05	18.60	17.58	14.19	17.24	14.57	20.65	13.03	14.72	13.82	14.96	17.66	12.36	14.75	12.04	11.78	14.06	0.85	1.39	2.15	0.85	1.16	3.97	3.97	0.85	1.39	2.15	2.15	0.85	7.08
26	7.67	3.84	1.88	2.83	4.96	3.00	1.05	7.00	4.13	4.87	8.45	2.38	0.48	1.61	1.79	2.27	0.84	1.76	0.89	1.56	1.91	1.06	2.20	0.99	1.85	0.10	2.77	0.87	1.87	1.99	1.08	7.94	9.87	3.31	2.19	3.85	4.84	6.65	3.16	5.87	4.69	5.49	6.06	3.49	3.28	0.25	0.25	0.47	1.47	2.67	5.52	2.43	2.37	1.29	6.02	8.57	8.50	6.07	4.11	3.84	4.11	8.57	5.64	5.07	3.33	7.24	3.52	5.15	4.41	4.51	4.27	3.90	4.27	17.32	6.15	11.42	4.57	17.13	15.76	12.40	15.50	12.85	19.25	11.31	13.02	12.14	13.35	15.95	10.81	13.05	10.59	10.27	12.44	1.71	0.53	1.49	1.71	1.39	3.46	3.46	1.71	0.53	1.49	1.49	1.71	6.07
27	9.79	6.47	2.67	5.25	7.45	5.65	3.31	4.99	2.20	3.28	10.44	1.48	2.85	4.38	4.56	5.04	3.50	4.43	3.36	3.39	4.43	3.80	0.92	1.78	2.08	2.77	0.10	2.16	1.15	3.88	3.75	6.01	7.42	0.56	1.59	2.84	3.43	5.03	1.19	3.84	2.80	4.00	4.50	5.43	2.31	2.87	2.87	2.39	3.93	0.42	4.21	3.01	2.01	1.48	4.22	6.14	7.20	5.40	4.62	4.01	5.02	7.74	5.58	5.38	4.70	6.86	3.34	4.70	4.34	4.74	5.82	3.33	5.82	16.64	7.84	10.55	5.26	17.47	17.35	13.85	16.69	13.97	19.40	12.46	14.07	13.15	14.09	17.01	11.42	14.10	10.95	10.81	13.26	1.33	2.68	1.67	1.33	3.05	2.38	2.38	1.33	2.68	1.67	1.67	1.33	5.63
28	8.53	4.69	1.19	3.70	5.83	3.85	1.86	6.80	3.89	4.78	9.31	2.25	0.73	2.37	2.51	3.03	1.72	2.62	1.75	2.28	2.78	1.71	1.85	0.58	1.00	0.87	2.16	0.10	1.10	2.77	1.63	7.78	9.49	2.66	1.32	3.88	4.80	6.59	2.83	5.65	4.49	5.45	6.01	4.32	3.28	1.09	1.09	0.85	2.34	1.96	5.54	1.75	1.50	0.84	5.89	8.20	8.57	6.30	4.61	4.24	4.72	8.79	6.04	5.55	4.03	7.57	3.79	5.42	4.76	4.95	5.03	4.08	5.03	17.63	6.96	11.65	5.14	17.71	16.58	13.20	16.26	13.59	19.80	12.05	13.75	12.86	14.02	16.68	11.44	13.78	11.15	10.88	13.11	0.91	0.55	1.43	0.91	1.05	3.45	3.45	0.91	0.55	1.43	1.43	0.91	6.37
29	9.36	5.70	1.55	4.61	6.79	4.87	2.67	6.06	3.19	4.20	10.08	1.86	1.82	3.45	3.60	4.11	2.69	3.63	2.63	2.93	3.72	2.80	1.26	0.95	0.98	1.87	1.15	1.10	0.10	3.44	2.73	7.07	8.57	1.59	0.67	3.51	4.29	6.00	2.10	4.90	3.80	4.91	5.44	5.04	2.91	2.03	2.03	1.62	3.24	0.88	5.06	1.97	1.10	0.79	5.22	7.29	8.10	6.06	4.80	4.30	5.06	8.50	6.02	5.67	4.53	7.44	3.71	5.26	4.74	5.04	5.61	3.86	5.61	17.40	7.61	11.34	5.39	17.87	17.21	13.77	16.74	14.04	19.88	12.51	14.17	13.26	14.32	17.12	11.69	14.20	11.31	11.10	13.45	0.19	1.64	1.43	0.19	1.90	3.04	3.04	0.19	1.64	1.43	1.43	0.19	6.21
30	5.94	2.90	3.87	1.52	3.66	2.24	0.95	6.69	4.20	4.51	6.64	2.70	2.44	2.09	2.31	2.42	1.43	1.50	1.17	0.51	1.15	2.26	3.00	2.52	3.76	1.99	3.88	2.77	3.44	0.10	2.44	7.48	9.87	4.43	3.97	3.35	4.37	6.06	3.62	5.70	4.59	4.95	5.48	1.60	3.01	1.74	1.74	1.92	0.92	3.98	4.84	4.43	4.24	2.66	5.64	8.59	7.52	4.87	2.48	2.50	2.27	7.28	4.13	3.42	1.39	5.77	2.54	3.93	3.08	2.98	2.28	3.07	2.28	15.76	4.20	10.05	2.79	15.21	13.82	10.43	13.51	10.86	17.38	9.32	11.03	10.15	11.38	13.95	8.88	11.06	8.71	8.35	10.46	3.35	2.52	2.21	3.35	3.35	3.18	3.18	3.35	2.52	2.21	2.21	3.35	4.74
31	7.46	3.31	2.08	2.65	4.54	2.50	1.59	8.07	5.20	5.93	8.30	3.46	0.91	0.88	0.94	1.47	1.02	1.43	1.33	2.17	1.78	0.20	3.26	1.99	2.33	1.08	3.75	1.63	2.73	2.44	0.10	9.00	10.94	4.27	2.84	4.88	5.89	7.70	4.23	6.94	5.76	6.54	7.10	3.64	4.33	1.14	1.14	1.55	1.59	3.59	6.55	2.50	2.86	2.30	7.09	9.64	9.49	6.99	4.83	4.68	4.70	9.48	6.44	5.79	3.82	8.07	4.45	6.05	5.26	5.29	4.57	4.88	4.57	18.12	6.26	12.30	5.21	17.63	15.75	12.50	15.69	13.09	19.80	11.56	13.29	12.44	13.74	16.18	11.28	13.31	11.14	10.76	12.80	2.54	1.08	2.57	2.54	1.33	4.52	4.52	2.54	1.08	2.57	2.57	2.54	6.94
32	11.55	10.28	8.62	8.91	10.66	9.71	7.71	1.03	3.90	3.07	11.75	5.58	8.27	9.22	9.45	9.76	8.23	8.86	7.92	7.31	8.59	8.94	5.95	7.22	8.05	7.94	6.01	7.78	7.07	7.48	9.00	0.10	2.96	5.85	7.60	4.18	3.15	1.46	4.99	2.18	3.30	2.53	2.01	8.19	4.68	7.86	7.86	7.47	8.20	6.42	2.66	9.02	8.02	6.94	1.92	2.13	2.23	3.48	5.71	5.23	6.40	3.66	4.76	5.44	7.01	4.32	4.95	4.06	4.80	5.25	7.72	4.42	7.72	11.51	9.12	5.61	6.07	14.05	16.71	13.24	15.14	12.57	15.50	11.37	12.51	11.61	11.83	15.16	9.33	12.54	8.44	8.72	11.30	7.23	8.16	6.46	7.23	8.83	4.50	4.50	7.23	8.16	6.46	6.46	7.23	3.96
33	14.42	12.75	10.07	11.37	13.29	12.10	9.89	3.30	5.78	5.38	14.67	7.52	10.11	11.34	11.56	11.94	10.34	11.10	10.07	9.60	10.90	10.93	7.69	8.99	9.48	9.87	7.42	9.49	8.57	9.87	10.94	2.96	0.10	7.05	8.93	6.53	5.57	4.27	6.71	4.17	5.30	5.09	4.69	10.81	6.88	9.86	9.86	9.40	10.45	7.75	5.34	10.34	9.28	8.69	4.32	1.31	4.87	6.41	8.45	7.89	9.15	6.39	7.67	8.30	9.65	7.26	7.47	6.89	7.54	8.03	10.47	6.94	10.47	12.91	11.99	7.63	8.88	16.37	19.60	16.16	17.93	15.42	17.58	14.28	15.34	14.46	14.55	17.91	12.14	15.37	11.21	11.56	14.09	8.75	9.96	8.39	8.75	10.46	6.70	6.70	8.75	9.96	8.39	8.39	8.75	6.90
34	10.32	7.02	3.02	5.81	8.01	6.21	3.87	4.81	2.21	3.31	10.96	1.92	3.37	4.92	5.10	5.59	4.06	4.99	3.91	3.94	4.99	4.33	1.44	2.32	2.43	3.31	0.56	2.66	1.59	4.43	4.27	5.85	7.05	0.10	1.87	3.06	3.50	4.97	1.38	3.69	2.77	4.02	4.49	5.97	2.60	3.42	3.42	2.95	4.49	0.72	4.27	3.29	2.24	2.03	4.13	5.80	7.19	5.57	5.02	4.39	5.47	7.83	5.87	5.74	5.20	7.05	3.69	4.94	4.67	5.10	6.32	3.62	6.32	16.70	8.34	10.60	5.67	17.73	17.80	14.29	17.09	14.36	19.62	12.87	14.46	13.53	14.43	17.39	11.75	14.49	11.24	11.13	13.61	1.78	3.19	2.22	1.78	3.48	2.63	2.63	1.78	3.19	2.22	2.22	1.78	5.84
35	9.83	6.01	1.16	5.01	7.16	5.17	3.12	6.57	3.75	4.79	10.58	2.53	2.00	3.65	3.77	4.29	3.04	3.94	3.04	3.46	4.10	2.96	1.91	1.45	0.59	2.19	1.59	1.32	0.67	3.97	2.84	7.60	8.93	1.87	0.10	4.16	4.90	6.58	2.68	5.42	4.36	5.51	6.03	5.56	3.57	2.40	2.40	2.06	3.64	1.20	5.69	1.43	0.44	1.38	5.78	7.67	8.71	6.72	5.46	4.96	5.69	9.15	6.70	6.34	5.13	8.11	4.39	5.93	5.41	5.71	6.19	4.53	6.19	18.05	8.16	11.99	6.05	18.54	17.78	14.36	17.36	14.66	20.55	13.13	14.80	13.89	14.97	17.74	12.35	14.83	11.98	11.76	14.10	0.66	1.82	2.08	0.66	1.75	3.69	3.69	0.66	1.82	2.08	2.08	0.66	6.88
36	8.36	6.23	4.93	4.85	6.80	5.59	3.53	3.34	1.25	1.16	8.82	1.67	4.24	5.04	5.28	5.57	4.06	4.68	3.75	3.14	4.43	4.80	2.25	3.30	4.44	3.85	2.84	3.88	3.51	3.35	4.88	4.18	6.53	3.06	4.16	0.10	1.03	2.82	1.69	2.36	1.35	1.67	2.22	4.35	0.61	3.74	3.74	3.39	4.02	3.23	1.68	5.43	4.60	3.09	2.30	5.26	4.69	2.57	2.37	1.68	3.01	4.99	2.83	2.83	3.23	4.02	1.04	1.88	1.73	2.24	4.21	0.65	4.21	13.89	6.07	7.84	2.99	14.67	15.12	11.58	14.20	11.48	16.57	10.02	11.55	10.61	11.42	14.46	8.73	11.58	8.19	8.11	10.63	3.60	4.15	2.46	3.60	4.93	0.47	0.47	3.60	4.15	2.46	2.46	3.60	2.79
37	9.07	7.21	5.78	5.84	7.72	6.60	4.56	2.33	1.30	0.30	9.46	2.56	5.21	6.07	6.31	6.61	5.09	5.72	4.78	4.17	5.46	5.82	3.05	4.22	5.25	4.84	3.43	4.80	4.29	4.37	5.89	3.15	5.57	3.50	4.90	1.03	0.10	1.81	2.25	1.45	0.91	0.65	1.21	5.25	1.56	4.75	4.75	4.38	5.05	3.85	0.79	6.25	5.35	3.98	1.28	4.32	3.81	2.17	3.00	2.38	3.70	4.34	2.89	3.18	4.09	3.68	1.90	1.87	2.17	2.70	4.98	1.38	4.98	13.22	6.71	7.12	3.55	14.40	15.42	11.87	14.33	11.62	16.22	10.21	11.65	10.71	11.38	14.53	8.70	11.68	8.05	8.07	10.65	4.41	5.12	3.41	4.41	5.86	1.38	1.38	4.41	5.12	3.41	3.41	4.41	2.55
38	10.16	8.83	7.52	7.47	9.21	8.28	6.34	1.09	2.83	1.82	10.40	4.34	7.02	7.85	8.09	8.37	6.88	7.46	6.56	5.91	7.18	7.62	4.79	6.01	6.97	6.65	5.03	6.59	6.00	6.06	7.70	1.46	4.27	4.97	6.58	2.82	1.81	0.10	3.90	1.44	2.23	1.16	0.60	6.73	3.37	6.55	6.55	6.19	6.80	5.45	1.22	7.96	7.01	5.76	0.86	3.21	2.24	2.18	4.26	3.78	4.95	3.23	3.41	4.04	5.56	3.32	3.52	2.63	3.35	3.80	6.27	2.99	6.27	11.84	7.73	5.75	4.64	13.69	15.69	12.17	14.29	11.65	15.32	10.37	11.63	10.71	11.11	14.38	8.50	11.66	7.70	7.88	10.49	6.13	6.92	5.21	6.13	7.64	3.19	3.19	6.13	6.92	5.21	5.21	6.13	2.68
39	9.32	6.44	3.64	5.12	7.28	5.68	3.33	3.99	1.09	2.12	9.90	0.92	3.40	4.67	4.89	5.31	3.70	4.55	3.46	3.21	4.44	4.22	0.99	2.30	3.08	3.16	1.19	2.83	2.10	3.62	4.23	4.99	6.71	1.38	2.68	1.69	2.25	3.90	0.10	2.82	1.70	2.84	3.35	5.03	1.23	3.16	3.16	2.70	3.95	1.60	3.03	4.06	3.12	2.00	3.12	5.41	6.03	4.22	3.73	3.07	4.24	6.56	4.50	4.39	4.11	5.70	2.36	3.57	3.31	3.75	5.22	2.24	5.22	15.45	7.21	9.36	4.38	16.36	16.55	13.03	15.77	13.04	18.26	11.55	13.12	12.19	13.06	16.05	10.38	13.15	9.87	9.76	12.25	2.24	3.26	1.70	2.24	3.86	1.26	1.26	2.24	3.26	1.70	1.70	2.24	4.48
40	10.52	8.58	6.45	7.20	9.15	7.93	5.77	1.16	1.76	1.22	10.88	3.49	6.17	7.25	7.48	7.82	6.25	6.96	5.96	5.44	6.75	6.90	3.80	5.09	5.88	5.87	3.84	5.65	4.90	5.70	6.94	2.18	4.17	3.69	5.42	2.36	1.45	1.44	2.82	0.10	1.18	1.20	1.22	6.68	2.72	5.82	5.82	5.40	6.31	4.24	1.57	6.84	5.84	4.81	0.62	2.89	3.66	3.11	4.45	3.83	5.15	4.65	4.13	4.54	5.54	4.50	3.33	3.15	3.59	4.13	6.44	2.82	6.44	13.26	8.14	7.19	4.98	15.07	16.65	13.11	15.41	12.73	16.74	11.38	12.74	11.80	12.33	15.56	9.68	12.77	8.94	9.05	11.66	5.05	6.05	4.38	5.05	6.68	2.54	2.54	5.05	6.05	4.38	4.38	5.05	3.59
41	9.71	7.49	5.34	6.11	8.12	6.81	4.60	2.32	0.61	0.63	10.14	2.31	4.99	6.07	6.30	6.66	5.08	5.81	4.79	4.31	5.61	5.72	2.65	3.92	4.78	4.69	2.80	4.49	3.80	4.59	5.76	3.30	5.30	2.77	4.36	1.35	0.91	2.23	1.70	1.18	0.10	1.28	1.72	5.69	1.59	4.64	4.64	4.21	5.16	3.22	1.58	5.76	4.79	3.65	1.43	4.00	4.42	3.07	3.67	3.00	4.34	5.12	3.77	3.98	4.58	4.57	2.39	2.75	2.92	3.46	5.57	1.94	5.57	13.95	7.39	7.85	4.27	15.29	16.28	12.72	15.22	12.51	17.08	11.09	12.54	11.61	12.28	15.42	9.60	12.58	8.96	8.97	11.55	3.94	4.87	3.20	3.94	5.53	1.41	1.41	3.94	4.87	3.20	3.20	3.94	3.45
42	9.40	7.77	6.41	6.40	8.22	7.18	5.19	1.80	1.81	0.72	9.73	3.20	5.86	6.71	6.94	7.23	5.73	6.33	5.41	4.78	6.06	6.47	3.68	4.87	5.88	5.49	4.00	5.45	4.91	4.95	6.54	2.53	5.09	4.02	5.51	1.67	0.65	1.16	2.84	1.20	1.28	0.10	0.56	5.74	2.21	5.40	5.40	5.03	5.67	4.42	0.38	6.87	5.95	4.63	0.78	3.89	3.20	1.95	3.37	2.80	4.07	3.85	2.92	3.36	4.57	3.41	2.43	1.95	2.47	2.99	5.38	1.90	5.38	12.68	7.00	6.58	3.85	14.09	15.45	11.91	14.25	11.56	15.84	10.19	11.57	10.63	11.21	14.41	8.54	11.60	7.84	7.91	10.51	5.03	5.77	4.06	5.03	6.50	2.03	2.03	5.03	5.77	4.06	4.06	5.03	2.41
43	9.74	8.27	6.96	6.90	8.68	7.70	5.74	1.40	2.30	1.24	10.02	3.76	6.42	7.26	7.50	7.78	6.28	6.87	5.97	5.32	6.59	7.03	4.22	5.43	6.42	6.06	4.50	6.01	5.44	5.48	7.10	2.01	4.69	4.49	6.03	2.22	1.21	0.60	3.35	1.22	1.72	0.56	0.10	6.20	2.77	5.96	5.96	5.59	6.21	4.92	0.66	7.40	6.47	5.18	0.61	3.55	2.70	1.96	3.76	3.24	4.46	3.49	3.09	3.64	5.02	3.29	2.94	2.21	2.85	3.34	5.78	2.41	5.78	12.25	7.32	6.15	4.19	13.86	15.53	12.00	14.23	11.56	15.56	10.23	11.56	10.63	11.12	14.36	8.47	11.59	7.72	7.85	10.46	5.57	6.33	4.62	5.57	7.06	2.59	2.59	5.57	6.33	4.62	4.62	5.57	2.45
44	4.36	2.27	5.37	1.25	2.48	2.08	2.46	7.53	5.41	5.46	5.04	4.15	3.90	2.97	3.12	2.95	2.76	2.28	2.61	2.11	1.87	3.44	4.53	4.11	5.32	3.49	5.43	4.32	5.04	1.60	3.64	8.19	10.81	5.97	5.56	4.35	5.25	6.73	5.03	6.68	5.69	5.74	6.20	0.10	4.18	3.25	3.25	3.50	2.09	5.56	5.53	5.90	5.81	4.26	6.50	9.57	7.79	5.10	2.54	2.95	1.95	7.24	4.03	3.21	1.17	5.60	3.35	4.24	3.42	3.07	1.04	3.87	1.04	15.22	2.66	9.83	2.45	14.11	12.26	8.92	12.07	9.45	16.35	7.92	9.65	8.81	10.14	12.54	7.76	9.68	7.75	7.29	9.19	4.95	4.01	3.78	4.95	4.77	4.32	4.32	4.95	4.01	3.78	3.78	4.95	4.81
45	8.34	5.90	4.32	4.53	6.57	5.22	3.05	3.79	1.23	1.61	8.85	1.06	3.66	4.55	4.78	5.11	3.56	4.24	3.26	2.72	4.03	4.27	1.66	2.70	3.83	3.28	2.31	3.28	2.91	3.01	4.33	4.68	6.88	2.60	3.57	0.61	1.56	3.37	1.23	2.72	1.59	2.21	2.77	4.18	0.10	3.19	3.19	2.82	3.59	2.69	2.26	4.82	4.01	2.48	2.77	5.59	5.29	3.15	2.53	1.86	3.09	5.59	3.28	3.16	3.13	4.57	1.15	2.40	2.07	2.52	4.19	1.03	4.19	14.49	6.13	8.44	3.18	15.16	15.36	11.83	14.54	11.81	17.10	10.33	11.89	10.96	11.83	14.82	9.15	11.92	8.65	8.54	11.02	3.00	3.56	1.86	3.00	4.33	0.19	0.19	3.00	3.56	1.86	1.86	3.00	3.34
46	7.44	3.67	2.13	2.61	4.77	2.84	0.80	6.94	4.09	4.79	8.21	2.34	0.71	1.53	1.74	2.19	0.66	1.59	0.65	1.31	1.70	1.09	2.22	1.11	2.08	0.25	2.87	1.09	2.03	1.74	1.14	7.86	9.86	3.42	2.40	3.74	4.75	6.55	3.16	5.82	4.64	5.40	5.96	3.25	3.19	0.10	0.00	0.48	1.25	2.80	5.41	2.68	2.60	1.39	5.95	8.55	8.36	5.90	3.89	3.65	3.87	8.40	5.44	4.85	3.09	7.05	3.35	4.97	4.22	4.30	4.02	3.76	4.02	17.12	5.91	11.24	4.34	16.89	15.51	12.15	15.26	12.60	19.02	11.06	12.77	11.89	13.11	15.70	10.57	12.80	10.35	10.03	12.19	1.89	0.78	1.47	1.89	1.63	3.37	3.37	1.89	0.78	1.47	1.47	1.89	5.89
47	7.44	3.67	2.13	2.61	4.77	2.84	0.80	6.94	4.09	4.79	8.21	2.34	0.71	1.53	1.74	2.19	0.66	1.59	0.65	1.31	1.70	1.09	2.22	1.11	2.08	0.25	2.87	1.09	2.03	1.74	1.14	7.86	9.86	3.42	2.40	3.74	4.75	6.55	3.16	5.82	4.64	5.40	5.96	3.25	3.19	0.00	0.10	0.48	1.25	2.80	5.41	2.68	2.60	1.39	5.95	8.55	8.36	5.90	3.89	3.65	3.87	8.40	5.44	4.85	3.09	7.05	3.35	4.97	4.22	4.30	4.02	3.76	4.02	17.12	5.91	11.24	4.34	16.89	15.51	12.15	15.26	12.60	19.02	11.06	12.77	11.89	13.11	15.70	10.57	12.80	10.35	10.03	12.19	1.89	0.78	1.47	1.89	1.63	3.37	3.37	1.89	0.78	1.47	1.47	1.89	5.89
48	7.77	4.11	2.02	2.99	5.18	3.28	1.06	6.53	3.66	4.40	8.51	1.91	0.85	2.01	2.21	2.67	1.11	2.05	1.02	1.43	2.11	1.52	1.75	0.67	1.84	0.47	2.39	0.85	1.62	1.92	1.55	7.47	9.40	2.95	2.06	3.39	4.38	6.19	2.70	5.40	4.21	5.03	5.59	3.50	2.82	0.48	0.48	0.10	1.62	2.34	5.07	2.58	2.32	0.92	5.55	8.10	8.06	5.66	3.81	3.49	3.89	8.17	5.30	4.77	3.18	6.87	3.12	4.75	4.04	4.19	4.18	3.47	4.18	16.95	6.13	11.02	4.32	16.89	15.74	12.35	15.41	12.74	18.99	11.20	12.89	12.00	13.17	15.83	10.60	12.92	10.34	10.04	12.27	1.49	0.81	1.02	1.49	1.68	3.00	3.00	1.49	0.81	1.02	1.02	1.49	5.69
49	6.20	2.54	3.30	1.37	3.56	1.74	0.63	7.36	4.70	5.17	6.98	3.03	1.83	1.17	1.40	1.57	0.67	0.66	0.61	0.89	0.50	1.40	3.14	2.29	3.32	1.47	3.93	2.34	3.24	0.92	1.59	8.20	10.45	4.49	3.64	4.02	5.05	6.80	3.95	6.31	5.16	5.67	6.21	2.09	3.59	1.25	1.25	1.62	0.10	3.94	5.60	3.82	3.84	2.52	6.32	9.16	8.37	5.75	3.40	3.38	3.17	8.18	5.04	4.33	2.25	6.68	3.33	4.80	3.97	3.89	2.98	3.83	2.98	16.68	4.75	10.96	3.69	16.04	14.32	11.01	14.16	11.54	18.23	10.00	11.73	10.87	12.16	14.63	9.69	11.75	9.57	9.18	11.22	3.11	1.95	2.31	3.11	2.68	3.77	3.77	3.11	1.95	2.31	2.31	3.11	5.63
50	9.92	6.45	2.32	5.28	7.49	5.62	3.33	5.39	2.62	3.70	10.60	1.78	2.68	4.27	4.44	4.94	3.45	4.39	3.34	3.48	4.43	3.65	1.17	1.69	1.73	2.67	0.42	1.96	0.88	3.98	3.59	6.42	7.75	0.72	1.20	3.23	3.85	5.45	1.60	4.24	3.22	4.42	4.92	5.56	2.69	2.80	2.80	2.34	3.94	0.10	4.63	2.63	1.60	1.42	4.63	6.48	7.62	5.80	4.92	4.34	5.29	8.16	5.95	5.71	4.90	7.25	3.68	5.08	4.69	5.07	6.02	3.71	6.02	17.06	8.03	10.97	5.55	17.84	17.58	14.10	16.98	14.26	19.79	12.75	14.37	13.45	14.42	17.31	11.76	14.40	11.31	11.15	13.58	1.07	2.50	1.79	1.07	2.77	2.77	2.77	1.07	2.50	1.79	1.79	1.07	6.02
51	9.11	7.62	6.54	6.25	8.01	7.06	5.15	2.04	2.06	0.97	9.41	3.30	5.91	6.67	6.91	7.17	5.70	6.26	5.38	4.71	5.97	6.47	3.82	4.96	6.02	5.52	4.21	5.54	5.06	4.84	6.55	2.66	5.34	4.27	5.69	1.68	0.79	1.22	3.03	1.57	1.58	0.38	0.66	5.53	2.26	5.41	5.41	5.07	5.60	4.63	0.10	7.02	6.13	4.73	1.09	4.17	3.04	1.58	3.11	2.58	3.81	3.56	2.56	3.03	4.36	3.04	2.30	1.61	2.20	2.70	5.13	1.77	5.13	12.44	6.70	6.34	3.55	13.74	15.08	11.54	13.87	11.18	15.51	9.81	11.19	10.25	10.83	14.03	8.16	11.22	7.47	7.53	10.13	5.18	5.83	4.13	5.18	6.59	2.10	2.10	5.18	5.83	4.13	4.13	5.18	2.03
52	9.94	5.80	0.56	5.09	7.04	5.00	3.48	8.00	5.15	6.16	10.76	3.76	2.00	3.37	3.41	3.92	3.15	3.88	3.30	3.97	4.17	2.68	3.20	2.25	0.99	2.43	3.01	1.75	1.97	4.43	2.50	9.02	10.34	3.29	1.43	5.43	6.25	7.96	4.06	6.84	5.76	6.87	7.40	5.90	4.82	2.68	2.68	2.58	3.82	2.63	7.02	0.10	1.05	2.38	7.18	9.09	10.06	7.93	6.36	5.97	6.47	10.41	7.76	7.30	5.75	9.26	5.48	7.09	6.48	6.69	6.70	5.71	6.70	19.29	8.57	13.26	6.89	19.46	18.15	14.82	17.94	15.28	21.54	13.75	15.45	14.57	15.75	18.38	13.19	15.48	12.91	12.63	14.85	1.84	1.91	3.09	1.84	1.18	4.96	4.96	1.84	1.91	3.09	3.09	1.84	8.04
53	10.03	6.11	0.93	5.19	7.29	5.28	3.35	6.99	4.19	5.24	10.81	2.97	2.09	3.71	3.80	4.33	3.20	4.07	3.25	3.74	4.26	3.00	2.35	1.77	0.54	2.37	2.01	1.50	1.10	4.24	2.86	8.02	9.28	2.24	0.44	4.60	5.35	7.01	3.12	5.84	4.79	5.95	6.47	5.81	4.01	2.60	2.60	2.32	3.84	1.60	6.13	1.05	0.10	1.75	6.22	8.04	9.15	7.16	5.85	5.37	6.06	9.59	7.12	6.74	5.45	8.55	4.81	6.36	5.83	6.11	6.49	4.97	6.49	18.49	8.44	12.43	6.42	18.94	18.06	14.66	17.69	15.00	20.97	13.47	15.15	14.25	15.35	18.09	12.73	15.18	12.38	12.15	14.46	1.06	1.93	2.47	1.06	1.64	4.13	4.13	1.06	1.93	2.47	2.47	1.06	7.32
54	8.59	5.03	1.85	3.88	6.08	4.20	1.92	5.96	3.05	3.94	9.30	1.43	1.43	2.90	3.08	3.56	2.04	2.97	1.92	2.15	3.02	2.33	1.01	0.31	1.42	1.29	1.48	0.84	0.79	2.66	2.30	6.94	8.69	2.03	1.38	3.09	3.98	5.76	2.00	4.81	3.65	4.63	5.18	4.26	2.48	1.39	1.39	0.92	2.52	1.42	4.73	2.38	1.75	0.10	5.05	7.39	7.77	5.56	4.09	3.64	4.31	8.04	5.41	5.00	3.75	6.89	3.11	4.71	4.12	4.37	4.83	3.34	4.83	16.91	6.82	10.90	4.67	17.20	16.43	12.99	15.98	13.28	19.24	11.75	13.42	12.51	13.60	16.36	10.98	13.45	10.63	10.40	12.71	0.73	1.27	0.72	0.73	1.89	2.64	2.64	0.73	1.27	0.72	0.72	0.73	5.67
55	10.18	8.49	6.76	7.12	8.98	7.88	5.81	1.05	2.04	1.16	10.50	3.66	6.36	7.32	7.55	7.87	6.33	6.98	6.02	5.44	6.73	7.03	4.06	5.31	6.21	6.02	4.22	5.89	5.22	5.64	7.09	1.92	4.32	4.13	5.78	2.30	1.28	0.86	3.12	0.62	1.43	0.78	0.61	6.50	2.77	5.95	5.95	5.55	6.32	4.63	1.09	7.18	6.22	5.05	0.10	3.11	3.10	2.55	4.15	3.57	4.85	4.03	3.64	4.12	5.33	3.90	3.17	2.70	3.25	3.77	6.16	2.63	6.16	12.70	7.78	6.61	4.63	14.45	16.12	12.58	14.83	12.16	16.12	10.83	12.16	11.23	11.72	14.97	9.08	12.19	8.33	8.45	11.07	5.37	6.25	4.55	5.37	6.93	2.59	2.59	5.37	6.25	4.55	4.55	5.37	3.04
56	13.28	11.47	8.80	10.09	12.04	10.81	8.59	2.15	4.48	4.11	13.57	6.22	8.81	10.03	10.26	10.64	9.04	9.80	8.77	8.31	9.61	9.62	6.39	7.69	8.21	8.57	6.14	8.20	7.29	8.59	9.64	2.13	1.31	5.80	7.67	5.26	4.32	3.21	5.41	2.89	4.00	3.89	3.55	9.57	5.59	8.55	8.55	8.10	9.16	6.48	4.17	9.09	8.04	7.39	3.11	0.10	4.31	5.39	7.26	6.68	7.96	5.78	6.61	7.19	8.41	6.40	6.22	5.76	6.36	6.87	9.27	5.70	9.27	13.11	10.87	7.48	7.73	16.09	18.81	15.32	17.27	14.69	17.45	13.48	14.64	13.74	13.97	17.30	11.46	14.67	10.57	10.85	13.44	7.47	8.66	7.09	7.47	9.17	5.41	5.41	7.47	8.66	7.09	7.09	7.47	5.89
57	10.45	10.04	9.58	8.76	10.15	9.62	8.00	2.88	5.00	3.92	10.50	6.34	8.91	9.50	9.74	9.93	8.58	9.01	8.25	7.50	8.67	9.39	6.86	7.99	9.06	8.50	7.20	8.57	8.10	7.52	9.49	2.23	4.87	7.19	8.71	4.69	3.81	2.24	6.03	3.66	4.42	3.20	2.70	7.79	5.29	8.36	8.36	8.06	8.37	7.62	3.04	10.06	9.15	7.77	3.10	4.31	0.10	2.70	5.26	5.03	5.85	1.51	3.83	4.64	6.68	2.71	5.06	3.61	4.47	4.73	7.08	4.61	7.08	9.60	8.06	3.54	5.39	11.82	14.77	11.38	13.06	10.56	13.31	9.46	10.47	9.60	9.69	13.04	7.27	10.50	6.34	6.69	9.22	8.22	8.83	7.15	8.22	9.62	5.13	5.13	8.22	8.83	7.15	7.15	8.22	3.00
58	8.08	7.34	7.41	6.06	7.49	6.93	5.44	3.26	3.44	2.44	8.27	4.20	6.51	6.90	7.14	7.30	6.03	6.37	5.70	4.91	6.01	6.87	4.81	5.73	6.96	6.07	5.40	6.30	6.06	4.87	6.99	3.48	6.41	5.57	6.72	2.57	2.17	2.18	4.22	3.11	3.07	1.95	1.96	5.10	3.15	5.90	5.90	5.66	5.75	5.80	1.58	7.93	7.16	5.56	2.55	5.39	2.70	0.10	2.56	2.38	3.17	2.50	1.28	2.02	3.98	1.51	2.55	0.95	1.79	2.03	4.43	2.22	4.43	11.35	5.65	5.36	2.74	12.23	13.57	10.04	12.30	9.62	14.07	8.28	9.63	8.69	9.26	12.45	6.59	9.66	5.90	5.96	8.56	6.14	6.47	4.87	6.14	7.31	3.04	3.04	6.14	6.47	4.87	4.87	6.14	0.50
59	6.07	4.77	5.80	3.51	4.98	4.38	3.25	5.14	3.61	3.27	6.47	3.14	4.59	4.57	4.79	4.87	3.82	3.96	3.50	2.67	3.57	4.68	3.75	4.13	5.49	4.11	4.62	4.61	4.80	2.48	4.83	5.71	8.45	5.02	5.46	2.37	3.00	4.26	3.73	4.45	3.67	3.37	3.76	2.54	2.53	3.89	3.89	3.81	3.40	4.92	3.11	6.36	5.85	4.09	4.15	7.26	5.26	2.56	0.10	0.69	0.71	4.84	1.65	0.96	1.41	3.29	1.39	1.70	0.91	0.54	2.02	1.74	2.02	13.30	3.72	7.58	0.65	13.11	12.83	9.30	12.07	9.35	15.18	7.85	9.45	8.53	9.53	12.40	6.89	9.48	6.55	6.31	8.67	4.80	4.60	3.38	4.80	5.48	2.58	2.58	4.80	4.60	3.38	3.38	4.80	2.32
60	6.72	5.09	5.42	3.76	5.43	4.60	3.11	4.60	2.93	2.63	7.14	2.55	4.31	4.54	4.77	4.92	3.69	4.00	3.36	2.55	3.64	4.54	3.18	3.72	5.05	3.84	4.01	4.24	4.30	2.50	4.68	5.23	7.89	4.39	4.96	1.68	2.38	3.78	3.07	3.83	3.00	2.80	3.24	2.95	1.86	3.65	3.65	3.49	3.38	4.34	2.58	5.97	5.37	3.64	3.57	6.68	5.03	2.38	0.69	0.10	1.34	4.81	1.80	1.38	1.78	3.40	0.71	1.43	0.59	0.74	2.61	1.06	2.61	13.47	4.39	7.62	1.33	13.57	13.51	9.97	12.70	9.98	15.60	8.49	10.07	9.14	10.08	13.01	7.42	10.10	7.02	6.82	9.24	4.32	4.30	2.91	4.32	5.18	1.90	1.90	4.32	4.30	2.91	2.91	4.32	2.27
61	5.38	4.21	5.90	3.03	4.32	3.91	3.15	5.85	4.24	3.96	5.81	3.55	4.59	4.31	4.52	4.53	3.68	3.66	3.40	2.58	3.25	4.53	4.12	4.30	5.66	4.11	5.02	4.72	5.06	2.27	4.70	6.40	9.15	5.47	5.69	3.01	3.70	4.95	4.24	5.15	4.34	4.07	4.46	1.95	3.09	3.87	3.87	3.89	3.17	5.29	3.81	6.47	6.06	4.31	4.85	7.96	5.85	3.17	0.71	1.34	0.10	5.31	2.09	1.28	0.95	3.69	1.99	2.36	1.61	1.16	1.32	2.40	1.32	13.53	3.06	7.96	0.54	13.02	12.33	8.83	11.70	8.99	15.14	7.47	9.11	8.20	9.30	12.06	6.72	9.14	6.48	6.16	8.41	5.03	4.63	3.63	5.03	5.50	3.17	3.17	5.03	4.63	3.63	3.63	5.03	2.87
62	9.37	9.52	9.89	8.33	9.45	9.21	7.91	4.12	5.63	4.53	9.32	6.65	9.02	9.35	9.58	9.70	8.50	8.78	8.17	7.36	8.40	9.35	7.24	8.22	9.42	8.57	7.74	8.79	8.50	7.28	9.48	3.66	6.39	7.83	9.15	4.99	4.34	3.23	6.56	4.65	5.12	3.85	3.49	7.24	5.59	8.40	8.40	8.17	8.18	8.16	3.56	10.41	9.59	8.04	4.03	5.78	1.51	2.50	4.84	4.81	5.31	0.10	3.22	4.03	6.22	1.68	5.05	3.43	4.22	4.32	6.40	4.72	6.40	8.90	7.06	2.86	4.79	10.49	13.27	9.91	11.55	9.05	12.09	7.98	8.96	8.09	8.19	11.54	5.76	8.99	4.83	5.19	7.71	8.59	8.97	7.36	8.59	9.81	5.46	5.46	8.59	8.97	7.36	7.36	8.59	2.55
63	6.81	6.31	7.21	5.11	6.33	5.99	4.85	4.46	3.98	3.19	7.00	4.20	6.11	6.21	6.43	6.51	5.43	5.61	5.11	4.28	5.22	6.29	4.84	5.51	6.83	5.64	5.58	6.04	6.02	4.13	6.44	4.76	7.67	5.87	6.70	2.83	2.89	3.41	4.50	4.13	3.77	2.92	3.09	4.03	3.28	5.44	5.44	5.30	5.04	5.95	2.56	7.76	7.12	5.41	3.64	6.61	3.83	1.28	1.65	1.80	2.09	3.22	0.10	0.83	3.00	1.65	2.31	1.03	1.29	1.15	3.26	2.26	3.26	11.69	4.37	5.93	1.59	11.89	12.55	9.00	11.45	8.73	13.86	7.32	8.78	7.84	8.59	11.67	5.90	8.81	5.37	5.28	7.81	6.06	6.10	4.68	6.06	6.98	3.24	3.24	6.06	6.10	4.68	4.68	6.06	0.84
64	6.12	5.48	6.74	4.31	5.51	5.19	4.21	5.03	4.06	3.47	6.39	3.93	5.55	5.50	5.72	5.76	4.77	4.88	4.46	3.63	4.47	5.63	4.56	5.06	6.41	5.07	5.38	5.55	5.67	3.42	5.79	5.44	8.30	5.74	6.34	2.83	3.18	4.04	4.39	4.54	3.98	3.36	3.64	3.21	3.16	4.85	4.85	4.77	4.33	5.71	3.03	7.30	6.74	5.00	4.12	7.19	4.64	2.02	0.96	1.38	1.28	4.03	0.83	0.10	2.21	2.41	2.05	1.43	1.10	0.65	2.44	2.19	2.44	12.35	3.69	6.69	0.76	12.20	12.31	8.76	11.39	8.66	14.25	7.19	8.74	7.80	8.71	11.67	6.04	8.77	5.64	5.44	7.88	5.69	5.55	4.28	5.69	6.44	3.16	3.16	5.69	5.55	4.28	4.28	5.69	1.64
65	5.22	3.36	5.19	2.11	3.65	2.98	2.32	6.36	4.35	4.32	5.79	3.29	3.80	3.38	3.58	3.57	2.81	2.72	2.55	1.78	2.30	3.64	3.78	3.69	5.01	3.33	4.70	4.03	4.53	1.39	3.82	7.01	9.65	5.20	5.13	3.23	4.09	5.56	4.11	5.54	4.58	4.57	5.02	1.17	3.13	3.09	3.09	3.18	2.25	4.90	4.36	5.75	5.45	3.75	5.33	8.41	6.68	3.98	1.41	1.78	0.95	6.22	3.00	2.21	0.10	4.62	2.21	3.09	2.26	1.95	1.12	2.72	1.12	14.48	3.14	8.90	1.49	13.83	12.69	9.24	12.24	9.56	15.99	8.02	9.72	8.83	10.02	12.65	7.49	9.74	7.33	6.96	9.10	4.48	3.86	3.14	4.48	4.72	3.25	3.25	4.48	3.86	3.14	3.14	4.48	3.73
66	7.78	7.87	8.73	6.72	7.77	7.60	6.48	4.40	4.95	3.94	7.79	5.58	7.70	7.86	8.08	8.16	7.07	7.26	6.74	5.91	6.86	7.93	6.21	7.02	8.31	7.24	6.86	7.57	7.44	5.77	8.07	4.32	7.26	7.05	8.11	4.02	3.68	3.32	5.70	4.50	4.57	3.41	3.29	5.60	4.57	7.05	7.05	6.87	6.68	7.25	3.04	9.26	8.55	6.89	3.90	6.40	2.71	1.51	3.29	3.40	3.69	1.68	1.65	2.41	4.62	0.10	3.79	2.19	2.83	2.79	4.73	3.58	4.73	10.08	5.42	4.28	3.16	10.73	12.40	8.92	10.97	8.33	12.57	7.07	8.31	7.38	7.83	11.08	5.19	8.34	4.44	4.56	7.18	7.51	7.68	6.18	7.51	8.55	4.48	4.48	7.51	7.68	6.18	6.18	7.51	1.23
67	7.32	5.33	4.94	3.96	5.82	4.76	2.94	4.21	2.25	2.11	7.79	1.90	3.97	4.45	4.68	4.91	3.52	3.99	3.19	2.45	3.68	4.34	2.54	3.24	4.53	3.52	3.34	3.79	3.71	2.54	4.45	4.95	7.47	3.69	4.39	1.04	1.90	3.52	2.36	3.33	2.39	2.43	2.94	3.35	1.15	3.35	3.35	3.12	3.33	3.68	2.30	5.48	4.81	3.11	3.17	6.22	5.06	2.55	1.39	0.71	1.99	5.05	2.31	2.05	2.21	3.79	0.10	1.63	1.03	1.40	3.17	0.54	3.17	13.85	5.04	7.90	2.04	14.18	14.22	10.68	13.41	10.68	16.17	9.19	10.77	9.84	10.75	13.70	8.08	10.80	7.63	7.48	9.92	3.75	3.92	2.39	3.75	4.78	1.20	1.20	3.75	3.92	2.39	2.39	3.75	2.58
68	7.53	6.45	6.55	5.15	6.68	6.01	4.50	3.61	2.97	2.17	7.81	3.40	5.60	5.96	6.19	6.35	5.08	5.43	4.75	3.96	5.07	5.92	4.03	4.86	6.12	5.15	4.70	5.42	5.26	3.93	6.05	4.06	6.89	4.94	5.93	1.88	1.87	2.63	3.57	3.15	2.75	1.95	2.21	4.24	2.40	4.97	4.97	4.75	4.80	5.08	1.61	7.09	6.36	4.71	2.70	5.76	3.61	0.95	1.70	1.43	2.36	3.43	1.03	1.43	3.09	2.19	1.63	0.10	0.86	1.20	3.67	1.39	3.67	12.22	5.11	6.27	2.01	12.79	13.56	10.01	12.47	9.76	14.70	8.35	9.80	8.86	9.59	12.69	6.90	9.83	6.32	6.27	8.83	5.32	5.56	4.00	5.32	6.41	2.32	2.32	5.32	5.56	4.00	4.00	5.32	0.96
